Filter for /c1/Conv (pre-):
[
  [[[ 0.08471059  0.29217649]
   [ 0.11508791 -0.19428107]]

  [[ 0.21915385 -0.13342388]
   [ 0.21442793 -0.13354631]]

  [[-0.12130489 -0.05428751]
   [ 0.27101812  0.2596214 ]]]


 [[[ 0.22827038 -0.08919649]
   [ 0.13149028 -0.03950083]]

  [[-0.12723508  0.15039404]
   [-0.14303952  0.2200301 ]]

  [[-0.1999616   0.00999447]
   [ 0.28552267  0.31126317]]]]
Filter for /c1/Conv (transposed):
[[[[ 0.08471059  0.21915385 -0.12130489]
   [ 0.29217649 -0.13342388 -0.05428751]]

  [[ 0.11508791  0.21442793  0.27101812]
   [-0.19428107 -0.13354631  0.2596214 ]]]


 [[[ 0.22827038 -0.12723508 -0.1999616 ]
   [-0.08919649  0.15039404  0.00999447]]

  [[ 0.13149028 -0.14303952  0.28552267]
   [-0.03950083  0.2200301   0.31126317]]]]

Filter for /c1/Conv has unexpected shape: (2,). Skipping transpose.
Filter for /c2/Conv (pre-):
[[[[ 0.40252963 -0.13925381]
   [ 0.21513274 -0.33556712]]

  [[ 0.30148488 -0.14308757]
   [-0.00947055 -0.04847552]]]


 [[[-0.13668291 -0.22984682]
   [ 0.10992016 -0.17466931]]

  [[-0.0367742   0.13912813]
   [-0.33596197  0.09955096]]]]
Filter for /c2/Conv (transposed):
[[[[ 0.40252963  0.30148488]
   [-0.13925381 -0.14308757]]

  [[ 0.21513274 -0.00947055]
   [-0.33556712 -0.04847552]]]


 [[[-0.13668291 -0.0367742 ]
   [-0.22984682  0.13912813]]

  [[ 0.10992016 -0.33596197]
   [-0.17466931  0.09955096]]]]

Filter for /c2/Conv has unexpected shape: (2,). Skipping transpose.
Filter for /c3/Conv (pre-):
[[[[-0.19893269  0.24365234]
   [-0.08223531  0.04186673]]

  [[ 0.17880575  0.04258614]
   [ 0.10968173  0.08656745]]]


 [[[ 0.21732022 -0.15525943]
   [-0.1907774   0.03951257]]

  [[ 0.15129134  0.02545779]
   [-0.12144606  0.06941637]]]


 [[[-0.11679185 -0.07083915]
   [-0.08252519  0.25304615]]

  [[-0.04531698 -0.17195462]
   [ 0.02185792 -0.30085757]]]


 [[[ 0.24713309  0.04784794]
   [ 0.14580773 -0.15507379]]

  [[-0.11465624 -0.2891858 ]
   [-0.23981497  0.30633345]]]]
Filter for /c3/Conv (transposed):
[[[[-0.19893269  0.17880575]
   [ 0.24365234  0.04258614]]

  [[-0.08223531  0.10968173]
   [ 0.04186673  0.08656745]]]


 [[[ 0.21732022  0.15129134]
   [-0.15525943  0.02545779]]

  [[-0.1907774  -0.12144606]
   [ 0.03951257  0.06941637]]]


 [[[-0.11679185 -0.04531698]
   [-0.07083915 -0.17195462]]

  [[-0.08252519  0.02185792]
   [ 0.25304615 -0.30085757]]]


 [[[ 0.24713309 -0.11465624]
   [ 0.04784794 -0.2891858 ]]

  [[ 0.14580773 -0.23981497]
   [-0.15507379  0.30633345]]]]

Filter for /c3/Conv has unexpected shape: (4,). Skipping transpose.
